155.60
188.40
188.80
206.00
189.20
189.20
188.80
188.80
204.00
188.80
188.80
226.40
191.20
190.80
189.20
188.80
189.60
188.80
189.60
202.80
255.60
257.20
257.60
257.60
258.40
258.80
258.40
258.40
258.40
221.60
188.80
188.80
189.20
191.60
189.20
194.00
258.40
258.40
258.40
258.80
259.20
259.60
260.00
260.00
260.00
260.00
259.60
259.20
258.40
257.60
257.60
190.00
190.40
190.80
225.60
194.00
192.00
189.20
191.20
189.20
194.80
189.20
189.20
189.20
189.20
202.80
212.00
198.40
201.60
190.00
189.20
189.60
188.80
188.40
189.20
188.80
189.60
189.60
189.20
189.20
189.60
243.20
191.20
190.40
189.20
247.20
247.20
197.60
193.20
208.40
247.20
247.20
247.20
246.80
246.40
246.00
246.00
246.40
246.40
246.40
246.00
246.00
246.40
246.40
246.00
246.00
245.60
245.20
244.80
244.40
244.40
244.00
243.20
242.40
241.60
240.80
239.60
238.00
236.80
235.60
234.40
233.60
242.80
242.00
241.60
240.80
240.40
240.00
239.20
238.80
238.40
237.20
236.80
236.80
237.20
237.60
237.60
238.40
239.20
240.00
240.40
241.60
242.40
242.80
243.60
244.00
244.00
243.60
244.80
244.80
244.80
246.00
245.20
245.20
245.20
245.20
246.40
245.20
260.40
251.60
197.20
171.60
169.60
168.00
169.20
170.40
165.60
173.20
164.00
170.80
181.60
183.20
132.80
124.40
125.20
123.20
124.40
123.20
123.60
122.40
118.80
107.60
108.80
108.40
109.60
109.20
108.80
109.20
108.40
108.00
108.40
108.00
107.60
108.00
108.00
107.20
107.20
106.00
105.60
105.20
97.20
90.80
91.20
92.80
93.20
93.20
93.20
93.60
93.20
93.60
93.20
92.80
93.20
92.80
92.80
93.20
93.20
93.20
93.20
94.00
94.00
94.00
94.40
94.00
94.00
94.00
93.60
94.00
94.00
93.60
94.00
93.60
93.20
92.80
92.80
94.40
111.60
113.60
116.40
129.20
188.80
224.40
250.00
187.60
188.00
187.60
188.00
187.20
187.20
187.20
188.00
186.80
187.20
187.20
187.20
187.20
187.60
187.60
188.00
189.20
188.40
188.80
188.80
188.80
188.80
189.20
188.80
189.20
189.20
188.80
188.80
188.80
189.20
189.20
202.40
202.00
196.00
189.60
189.20
189.20
189.20
188.80
188.40
188.40
186.80
187.20
187.20
188.00
188.00
143.20
116.40
113.20
116.40
189.60
187.60
186.80
186.00
186.40
186.80
186.40
186.40
188.40
186.80
186.80
186.40
186.40
186.40
187.20
186.80
186.80
187.20
186.80
187.20
187.20
186.80
187.60
187.20
187.60
186.80
187.20
187.20
187.20
187.60
187.20
186.80
187.20
187.20
186.80
187.20
187.20
187.20
187.20
200.40
195.20
188.40
188.00
187.20
187.60
187.20
187.20
187.20
187.20
187.20
187.20
187.60
187.20
188.80
224.40
222.40
222.00
222.80
222.40
222.80
222.40
222.80
223.20
223.60
224.40
223.60
224.40
158.80
132.40
129.20
130.00
133.20
134.00
133.60
132.80
135.60
132.00
132.80
134.40
136.00
126.40
122.00
101.20
78.80
74.80
71.20
70.00
69.20
110.40
100.80
77.60
84.00
160.80
83.20
74.80
87.20
100.00
98.80
108.00
213.60
186.80
186.40
186.40
186.40
188.80
208.40
187.20
189.20
54.80
48.80
52.00
50.40
51.20
53.20
54.40
52.40
189.60
186.80
186.00
186.00
186.80
186.40
186.80
186.80
186.40
186.80
186.00
185.60
186.00
186.40
186.40
187.20
186.80
213.20
117.20
99.20
94.40
83.20
86.00
87.60
82.00
86.40
74.40
82.00
79.20
77.60
82.40
174.40
186.40
186.00
186.80
186.40
186.00
186.40
186.40
186.00
185.60
185.60
186.00
185.60
185.60
185.60
186.00
186.00
185.60
185.60
186.00
185.60
185.60
186.00
185.60
186.00
186.40
185.60
186.00
186.40
186.40
186.00
186.40
186.00
186.00
186.00
186.00
186.00
186.40
186.40
186.00
186.00
186.00
186.00
186.00
187.60
135.20
136.40
135.60
136.00
137.20
138.40
139.20
140.40
140.80
140.80
140.80
137.20
112.40
96.80
81.20
86.80
87.60
88.00
88.40
88.40
88.00
88.40
88.00
88.40
88.00
88.40
88.40
91.60
91.60
91.60
91.60
91.20
90.80
90.80
90.80
90.80
90.80
90.80
90.80
91.20
91.20
91.20
90.80
91.60
91.60
91.60
92.00
92.00
92.40
92.40
92.40
92.80
93.60
94.00
94.00
92.40
92.00
88.80
90.00
93.60
94.00
91.60
91.60
91.60
91.60
92.00
91.60
92.00
90.80
88.80
89.60
88.80
301.20
188.40
186.00
186.00
185.20
185.20
185.20
185.20
185.60
185.20
185.20
185.60
185.20
185.60
185.60
185.60
185.20
185.20
185.60
185.60
186.40
186.00
185.60
185.60
186.00
186.00
186.40
186.40
185.60
185.60
186.00
186.00
186.40
186.00
186.00
185.60
186.00
186.00
185.60
186.00
186.00
185.60
